张量积曲面 控制系数 control coefficient：
1	0.998811753	0.971945704	0.828317569	0.676364782	0.374962653	0.347537465	0.011484429	0.000747869	0.000257329	0.000105714	5.31E-05	2.51E-05	1.34E-05	1.04E-05					
1	0.998809865	0.971945013	0.828315435	0.676364915	0.374961547	0.347536527	0.045714753	0.008189694	0.004999718	0.002226226	0.001103414	0.000880407	0.00069637	0.000581902					
1	0.998806345	0.971952849	0.828316796	0.676366267	0.374963057	0.347538384	0.103035408	0.063365352	0.030261567	0.005111621	0.001627256	0.000915315	0.000712864	0.000552716					
1	0.998811023	0.971910243	0.828296184	0.676360633	0.374948239	0.34753443	0.144595121	0.103329738	0.049691528	0.009183977	0.004027266	0.002755635	0.002242195	0.001868544					
1	0.99880934	0.971910947	0.828294998	0.676360985	0.374947532	0.347541629	0.177977568	0.123918611	0.059252205	0.010537147	0.004376807	0.002698627	0.002128881	0.001708315					
1	0.998804548	0.971876851	0.828270849	0.67635731	0.374932348	0.347523648	0.135296661	0.105614763	0.057903618	0.013963404	0.005047074	0.004259386	0.003414913	0.002795124					
1	0.998804613	0.971833914	0.828245494	0.676352568	0.374914005	0.347560557	0.207456397	0.153305118	0.091625167	0.023965945	0.007578622	0.005710641	0.004252148	0.003179204					
1	0.998781894	0.971613625	0.82809662	0.676328324	0.374818168	0.347486625	0.233068411	0.198473982	0.108337476	0.025052722	0.01165127	0.010188057	0.00884362	0.007855813					
1	0.998754442	0.971238968	0.827852118	0.676287531	0.374654427	0.347535869	0.279937495	0.249539305	0.156441754	0.044390237	0.018371697	0.0149583	0.012012688	0.009847416					
1	0.998692077	0.970650218	0.827443516	0.676233545	0.374356128	0.348648033	0.205269834	0.164780663	0.150886323	0.063011492	0.025842526	0.020588015	0.016031824	0.012682773					
1	0.99875488	0.970996053	0.82774302	0.67622116	0.374705723	0.342826418	0.340141023	0.320915576	0.229524153	0.068122043	0.028064156	0.022900508	0.018432138	0.015147586					
1	0.998415775	0.967526384	0.825314894	0.675952889	0.372752814	0.355967909	0.355958179	0.332359766	0.245657618	0.104573401	0.043529288	0.037325036	0.031953646	0.028005331					
															 				
θ方向 节点向量 knots vector：																			
0	0	0	0	3.180735583	4.224488224	4.601066432	4.650162967	4.650315202	4.65035206	4.650588148	5.691544065	8.475897084	16.2563407	29.75731212	44.72406208	47.63855239	52.8252621	54.86703526	
																			
CSR方向 节点向量 knots vector：			 																
0.005	0.005	0.005	0.005	0.336956652	0.337983842	0.376896927	0.401587291	0.474761045	0.694999908	0.694999992	0.695000038	0.835	0.835	0.835	0.835				
																			
